98
44
617
535
317
612
305
235
19
521
325
266
119
351
262
400
231
240
424
387
656
238
459
506
482
640
342
192
604
220
326
386
560
673
402
205
471
679
145
646
578
28
639
375
350
298
409
641
326
443
216
343
136
38
471
586
339
553
466
17
56
343
311
560
514
132
87
301
211
512
331
506
656
400
577
465
130
321
554
614
551
520
287
39
197
580
83
271
102
408
425
692
674
258
657
195
250
522
335
209
548
512
105
681
693
10
144
279
686
296
173
254
361
326
339
274
555
552
197
582
516
647
637
454
338
590
29
590
676
260
631
456
186
525
152
9
192
181
47
37
351
15
328
521
230
646
49
170
606
524
473
589
414
377
246
642
250
313
560
505
664
201
224
275
242
214
71
61
11
501
590
482
28
649
474
154
483
309
99
425
38
613
388
168
494
470
305
238
677
407
552
691
172
144
657
235
44
304
220
269
626
622
35
317
433
93
351
298
312
474
587
436
309
412
460
113
272
548
120
388
385
684
648
212
47
403
55
157
98
510
232
239
577
129
142
105
203
379
644
208
459
698
311
495
10
504
159
337
116
343
88
696
432
295
383
631
592
60
203
1
334
430
511
133
684
681
691
54
491
570
322
122
478
70
430
667
193
645
189
340
647
524
490
586
453
507
513
578
320
289
492
225
628
619
397
528
39
634
464
68
626
325
447
118
370
626
593
538
79
226
41
560
219
206
479
152
7
656
606
284
473
159
436
222
94
337
15
350
573
332
518
683
252
141
467
538
295
435
157
539
643
306
625
386
276
231
25
470
103
579
327
2
623
308
274
435
58
370
189
578
598
581
622
666
243
369
274
492
455
166
263
644
673
225
79
562
377
327
647
595
4
412
180
694
45
494
341
439
201
430
439
435
425
590
69
399
295
403
342
34
