508
47
280
208
401
205
549
67
198
420
355
530
522
527
482
33
13
525
4
297
71
242
221
319
682
614
95
194
76
635
441
662
397
148
434
253
4
156
486
577
6
226
138
29
41
599
574
425
112
331
528
253
477
53
627
481
574
485
402
275
181
68
463
622
118
274
521
207
171
669
98
108
444
34
246
409
72
405
445
422
277
199
471
174
640
676
310
114
145
399
288
431
363
521
668
314
187
225
88
374
128
179
465
652
262
500
335
354
271
42
368
90
584
2
540
206
132
518
50
26
288
634
578
598
123
546
674
34
593
178
616
168
136
122
263
432
290
493
114
232
542
106
286
63
297
364
483
225
133
436
439
192
650
61
495
556
565
57
567
242
134
155
100
163
690
99
24
585
607
147
414
392
672
344
533
82
0
350
445
141
346
157
21
569
267
267
647
294
433
191
217
253
240
501
12
14
247
130
76
379
269
243
40
248
642
76
416
647
665
146
673
516
352
346
84
645
263
498
303
195
494
187
473
396
370
269
485
330
371
246
35
314
568
229
491
219
367
339
414
46
249
181
51
385
594
550
207
4
82
529
358
459
248
446
51
339
360
593
322
422
665
207
164
302
280
538
467
514
268
373
209
470
587
364
624
572
469
78
404
93
412
664
201
71
365
575
75
274
291
19
424
574
66
478
453
342
657
232
257
351
177
365
223
528
679
533
503
414
221
693
617
309
10
51
359
690
119
508
301
9
537
473
197
410
669
315
644
539
612
440
288
501
621
672
282
676
149
186
409
238
117
280
364
612
126
149
140
172
411
653
556
427
472
413
428
347
328
553
147
173
184
559
585
444
77
537
652
222
601
229
601
392
363
195
539
586
494
588
325
49
200
79
286
421
178
565
227
451
321
585
236
192
501
639
79
357
437
257
386
613
623
484
91
33
296
25
651
11
205
535
333
358
255
526
358
363
361
191
654
17
456
402
444
39
579
626
662
466
108
683
148
239
404
642
188
404
187
682
592
138
555
674
353
390
472
493
511
561
184
341
169
502
86
205
135
68
170
234
15
378
443
420
510
410
362
654
488
237
394
319
515
28
521
505
136
641
306
356
591
470
304
681
286
396
459
117
473
261
486
97
617
630
558
159
600
575
203
78
141
332
689
312
557
133
221
292
14
32
142
632
308
411
667
78
126
82
83
663
286
586
168
381
385
304
64
113
401
545
258
9
6
622
206
628
21
697
33
163
76
378
600
41
479
660
462
315
275
236
525
154
542
401
507
372
434
83
54
445
183
110
119
262
688
54
311
303
650
159
472
603
617
171
343
382
660
245
290
122
464
127
478
143
496
148
134
304
128
207
644
524
593
60
626
59
169
312
441
359
260
613
254
670
54
23
472
316
599
58
426
446
642
337
257
390
202
44
367
23
156
20
269
289
674
604
648
343
164
152
55
529
614
265
635
233
594
675
19
338
128
678
62
383
296
101
260
466
379
417
498
408
226
319
186
105
295
97
199
294
678
239
674
663
166
15
531
596
198
646
279
221
587
314
490
636
458
56
416
307
550
583
245
650
160
447
435
692
617
657
425
555
166
636
278
617
130
633
658
587
28
268
585
8
427
694
254
7
585
16
152
646
236
414
37
615
152
293
247
77
450
638
513
384
625
583
510
190
419
41
157
234
143
6
385
264
658
534
455
415
308
696
282
627
326
13
599
690
306
319
571
4
519
145
359
508
426
117
343
119
81
353
287
510
76
558
494
64
147
609
620
204
508
420
271
261
138
17
398
119
157
503
143
78
52
70
683
575
417
293
565
64
533
127
363
313
666
298
65
417
93
301
