619
591
153
357
155
682
675
585
186
293
270
58
335
68
509
613
550
293
416
315
664
128
472
287
223
15
666
655
500
389
695
16
337
153
453
153
242
14
90
199
391
222
571
142
677
78
182
635
26
123
584
157
434
602
118
362
119
206
25
482
310
184
423
189
158
19
51
384
327
629
357
584
233
367
271
158
33
268
466
335
58
135
356
609
164
424
450
198
204
525
121
56
424
659
95
502
418
135
324
329
242
604
22
66
549
171
318
490
428
464
569
458
11
64
61
599
330
164
99
193
252
334
164
220
665
46
502
57
207
337
137
322
672
650
540
298
56
377
55
620
111
653
542
20
120
354
560
673
14
624
